{"uid":"@TREE--747802-1ba-1e25cbb-2","object_class":"Scene","external_repository":null,"extra":{"editor":{"selected_node":"@NODE-e5e597-3017e7-12d1daa-93"},"viewport_layout":{"mode":1,"viewports":[{"name":"perspective","viewport":[0,0,1,1],"render_settings":null,"editor_camera":{"object_class":"Camera","uid":"@CAM-747802-47d-129768a-9","layers":255,"enabled":true,"type":1,"eye":[116.5867691040039,315.4412841796875,544.9253540039062],"center":[217.54843139648438,238.9161376953125,15.242471694946289],"up":[0,1,0],"near":0.1,"far":10000,"fov":45,"aspect":1,"orthographic":[-1,1,-1,1],"background_color":[0.2705882489681244,0.3137255012989044,0.32156863808631897,1],"frustum_size":50,"viewport":[0,0,1,1],"render_to_texture":false,"frame":null,"show_frame":true,"clear_color":true,"clear_depth":true},"scene_camera":null}]},"folder":"evalls/projects/scenes","filename":"LaraScene.scene.json","fullpath":"evalls/projects/scenes/LaraScene.scene.json","publish_name":"evalls/projects/scenes/Test"},"root":{"object_class":"SceneNode","name":"root","uid":"@NODE--747802-4a3-1d68154-a","layers":3,"flags":{"visible":true,"is_static":false,"selectable":true,"locked":false,"two_sided":false,"flip_normals":false,"cast_shadows":true,"receive_shadows":true,"ignore_lights":false,"depth_test":true,"depth_write":true,"alpha_test":false,"alpha_shadows":false},"extra":{},"children":[{"object_class":"SceneNode","name":"light_1","uid":"@NODE-e5e597-51102a0-18ce1fc-6c6","layers":3,"flags":{"visible":true,"is_static":false,"selectable":true,"locked":false},"components":[["Transform",{"object_class":"Transform","uid":"@COMP-e5e597-51102a0-189cd43-6c5","position":[-131.33340454101562,248.94540405273438,218.4861602783203],"rotation":[-0.1359228491783142,-0.3148476779460907,0.10764557123184204,0.9331718683242798],"scaling":[0.9999999403953552,1,0.9999999403953552],"matrix":[0.7785666584968567,0.28649359941482544,0.5583509206771851,0,-0.11531364917755127,0.9398748278617859,-0.3214626610279083,0,-0.6168769001960754,0.18589483201503754,0.7647917866706848,0,-131.33340454101562,248.94540405273438,218.4861602783203,1]}],["Light",{"enabled":true,"illuminated_layers":255,"shadows_layers":255,"near":10,"far":1295.02,"angle":45,"angle_end":60,"constant_diffuse":false,"use_specular":true,"att_start":0,"att_end":1000,"attenuation_type":2,"offset":0,"projective_texture":null,"use_target":false,"intensity":0.9319371727748691,"frustum_size":259.1,"cast_shadows":true,"precompute_static_shadowmap":false,"shadow_bias":0.003,"shadowmap_resolution":2048,"extra_texture":null,"type":3,"position":[-131.33340454101562,248.94540405273438,218.4861602783203],"target":[-130.71652221679688,248.75950622558594,217.72137451171875],"extra":[0,0,0,0],"up":[-131.44871520996094,249.88528442382812,218.16470336914062],"color":[1,1,1],"spot_cone":true,"uid":"@COMP-e5e597-51102a0-1d5bf97-6c7","object_class":"Light"}],["Target",{"enabled":true,"node_id":["@ENC","node","@NODE-898772-119cf-10a7457-e7"],"face_camera":false,"cylindrical":false,"front":6,"up":3,"use_iterative_method":true,"uid":"@COMP-898772-1620f-1f042f1-e9","object_class":"Target","editor":{"collapsed":false}}]]},{"object_class":"SceneNode","name":"node","uid":"@NODE--747802-2884-1a57b2c-14","layers":3,"flags":{"visible":true,"is_static":false,"selectable":true,"locked":false},"children":[{"object_class":"SceneNode","name":"Woman","uid":"@NODE-e2036b-106ecc-1818d1a-fa","layers":3,"flags":{"visible":true,"is_static":false,"selectable":true,"locked":false},"children":[{"object_class":"SceneNode","name":"Body","uid":"@NODE-e2036b-106ed1-19ecc05-142","layers":3,"node_type":"NODE","material":"Bodymat-material.json","flags":{"visible":true,"is_static":false,"selectable":true,"locked":false},"editor":{"collapsed":false},"components":[["Transform",{"object_class":"Transform","uid":"@COMP-e2036b-106ed1-13dceca-143","position":[0,0,0],"rotation":[0,0,0,1],"scaling":[1,1,1]}],["MeshRenderer",{"object_class":"MeshRenderer","enabled":true,"uid":"@COMP-e2036b-106ed1-1855958-145","mesh":"exported___Armature_Body-skin.wbin","material":"Bodymat-material.json","submaterials":[]}],["SkinDeformer",{"enabled":true,"search_bones_in_parent":false,"skeleton_root_node":null,"cpu_skinning":false,"ignore_transform":true,"uid":"@COMP-e2036b-106ed1-15c15fe-146","object_class":"SkinDeformer"}],["MorphDeformer",{"enabled":true,"mode":0,"delta_meshes":false,"morph_targets":[{"mesh":"exported___Body-mesh_morph_Blink_Left.wbin","weight":0},{"mesh":"exported___Body-mesh_morph_Blink_Right.wbin","weight":0},{"mesh":"exported___Body-mesh_morph_BrowsDown_Left.wbin","weight":0},{"mesh":"exported___Body-mesh_morph_BrowsDown_Right.wbin","weight":0},{"mesh":"exported___Body-mesh_morph_BrowsIn_Left.wbin","weight":0},{"mesh":"exported___Body-mesh_morph_BrowsIn_Right.wbin","weight":0},{"mesh":"exported___Body-mesh_morph_BrowsOuterLower_Left.wbin","weight":0},{"mesh":"exported___Body-mesh_morph_BrowsOuterLower_Right.wbin","weight":0},{"mesh":"exported___Body-mesh_morph_BrowsUp_Left.wbin","weight":0},{"mesh":"exported___Body-mesh_morph_BrowsUp_Right.wbin","weight":0},{"mesh":"exported___Body-mesh_morph_CheekPuff_Left.wbin","weight":0},{"mesh":"exported___Body-mesh_morph_CheekPuff_Right.wbin","weight":0},{"mesh":"exported___Body-mesh_morph_EyesWide_Left.wbin","weight":0},{"mesh":"exported___Body-mesh_morph_EyesWide_Right.wbin","weight":0},{"mesh":"exported___Body-mesh_morph_Frown_Left.wbin","weight":0},{"mesh":"exported___Body-mesh_morph_Frown_Right.wbin","weight":0},{"mesh":"exported___Body-mesh_morph_JawBackward.wbin","weight":0},{"mesh":"exported___Body-mesh_morph_JawForeward.wbin","weight":0},{"mesh":"exported___Body-mesh_morph_JawRotateY_Left.wbin","weight":0},{"mesh":"exported___Body-mesh_morph_JawRotateY_Right.wbin","weight":0},{"mesh":"exported___Body-mesh_morph_JawRotateZ_Left.wbin","weight":0},{"mesh":"exported___Body-mesh_morph_JawRotateZ_Right.wbin","weight":0},{"mesh":"exported___Body-mesh_morph_Jaw_Down.wbin","weight":0},{"mesh":"exported___Body-mesh_morph_Jaw_Left.wbin","weight":0},{"mesh":"exported___Body-mesh_morph_Jaw_Right.wbin","weight":0},{"mesh":"exported___Body-mesh_morph_Jaw_Up.wbin","weight":0},{"mesh":"exported___Body-mesh_morph_LowerLipDown_Left.wbin","weight":0},{"mesh":"exported___Body-mesh_morph_LowerLipDown_Right.wbin","weight":0},{"mesh":"exported___Body-mesh_morph_LowerLipIn.wbin","weight":0},{"mesh":"exported___Body-mesh_morph_LowerLipOut.wbin","weight":0},{"mesh":"exported___Body-mesh_morph_Midmouth_Left.wbin","weight":0},{"mesh":"exported___Body-mesh_morph_Midmouth_Right.wbin","weight":0},{"mesh":"exported___Body-mesh_morph_MouthDown.wbin","weight":0},{"mesh":"exported___Body-mesh_morph_MouthNarrow_Left.wbin","weight":0},{"mesh":"exported___Body-mesh_morph_MouthNarrow_Right.wbin","weight":0},{"mesh":"exported___Body-mesh_morph_MouthOpen.wbin","weight":0},{"mesh":"exported___Body-mesh_morph_MouthUp.wbin","weight":0},{"mesh":"exported___Body-mesh_morph_MouthWhistle_NarrowAdjust_Left.wbin","weight":0},{"mesh":"exported___Body-mesh_morph_MouthWhistle_NarrowAdjust_Right.wbin","weight":0},{"mesh":"exported___Body-mesh_morph_NoseScrunch_Left.wbin","weight":0},{"mesh":"exported___Body-mesh_morph_NoseScrunch_Right.wbin","weight":0},{"mesh":"exported___Body-mesh_morph_Smile_Left.wbin","weight":0},{"mesh":"exported___Body-mesh_morph_Smile_Right.wbin","weight":0},{"mesh":"exported___Body-mesh_morph_Squint_Left.wbin","weight":0},{"mesh":"exported___Body-mesh_morph_Squint_Right.wbin","weight":0},{"mesh":"exported___Body-mesh_morph_TongueUp.wbin","weight":0},{"mesh":"exported___Body-mesh_morph_UpperLipIn.wbin","weight":0},{"mesh":"exported___Body-mesh_morph_UpperLipOut.wbin","weight":0},{"mesh":"exported___Body-mesh_morph_UpperLipUp_Left.wbin","weight":0},{"mesh":"exported___Body-mesh_morph_UpperLipUp_Right.wbin","weight":0}],"uid":"@COMP-e2036b-106ed1-1a4c374-147","object_class":"MorphDeformer"}]]},{"object_class":"SceneNode","name":"Hair","uid":"@NODE-e2036b-106ed1-1e9c7b2-148","layers":3,"node_type":"NODE","material":"Hairmat-material.json","flags":{"visible":true,"is_static":false,"selectable":true,"locked":false},"editor":{"collapsed":false},"components":[["Transform",{"object_class":"Transform","uid":"@COMP-e2036b-106ed1-189f007-149","position":[0,0,0],"rotation":[0,0,0,1],"scaling":[1,1,1]}],["MeshRenderer",{"object_class":"MeshRenderer","enabled":true,"uid":"@COMP-e2036b-106ed1-16ec26f-14b","mesh":"exported___Armature_Hair-skin.wbin","material":"Hairmat-material.json","submaterials":[]}],["SkinDeformer",{"enabled":true,"search_bones_in_parent":false,"skeleton_root_node":null,"cpu_skinning":false,"ignore_transform":true,"uid":"@COMP-e2036b-106ed1-1f21c68-14c","object_class":"SkinDeformer"}]]},{"object_class":"SceneNode","name":"Tops","uid":"@NODE-e2036b-106ed2-1d3d85a-152","layers":3,"node_type":"NODE","material":"Topmat-material.json","flags":{"visible":true,"is_static":false,"selectable":true,"locked":false},"editor":{"collapsed":true},"components":[["Transform",{"object_class":"Transform","uid":"@COMP-e2036b-106ed2-10ac5bc-153","position":[0,0,0],"rotation":[0,0,0,1],"scaling":[1,1,1]}],["MeshRenderer",{"object_class":"MeshRenderer","enabled":true,"uid":"@COMP-e2036b-106ed2-146303d-155","mesh":"exported___Armature_Tops-skin.wbin","material":"Topmat-material.json","submaterials":[]}],["SkinDeformer",{"enabled":true,"search_bones_in_parent":false,"skeleton_root_node":null,"cpu_skinning":false,"ignore_transform":true,"uid":"@COMP-e2036b-106ed2-13fddfd-156","object_class":"SkinDeformer"}]]},{"object_class":"SceneNode","name":"Armature","uid":"@NODE-e5e597-16f36fe-13f709b-d98","layers":3,"node_type":"NODE","flags":{"visible":true,"is_static":false,"selectable":true,"locked":false},"children":[{"object_class":"SceneNode","name":"mixamorig_Hips","uid":"@NODE-e5e597-16f36ff-11a48f3-d9a","layers":3,"node_type":"JOINT","flags":{"visible":true,"is_static":false,"selectable":true,"locked":false},"children":[{"object_class":"SceneNode","name":"mixamorig_Spine","uid":"@NODE-e5e597-16f3701-18a0b9a-d9c","layers":3,"node_type":"JOINT","flags":{"visible":true,"is_static":false,"selectable":true,"locked":false},"children":[{"object_class":"SceneNode","name":"mixamorig_Spine1","uid":"@NODE-e5e597-16f3703-16c3fa2-d9e","layers":3,"node_type":"JOINT","flags":{"visible":true,"is_static":false,"selectable":true,"locked":false},"children":[{"object_class":"SceneNode","name":"mixamorig_Spine2","uid":"@NODE-e5e597-16f3704-180e2cc-da0","layers":3,"node_type":"JOINT","flags":{"visible":true,"is_static":false,"selectable":true,"locked":false},"children":[{"object_class":"SceneNode","name":"mixamorig_Neck","uid":"@NODE-e5e597-16f3705-1afe0d4-da2","layers":3,"node_type":"JOINT","flags":{"visible":true,"is_static":false,"selectable":true,"locked":false},"children":[{"object_class":"SceneNode","name":"mixamorig_Head","uid":"@NODE-e5e597-16f3707-18d0c7d-da4","layers":3,"node_type":"JOINT","flags":{"visible":true,"is_static":false,"selectable":true,"locked":false},"children":[{"object_class":"SceneNode","name":"mixamorig_LeftEye","uid":"@NODE-e5e597-16f370a-1a1b75c-da8","layers":3,"node_type":"JOINT","flags":{"visible":true,"is_static":false,"selectable":true,"locked":false},"editor":{"collapsed":true},"components":[["Transform",{"object_class":"Transform","uid":"@COMP-e5e597-16f370a-159508c-da9","position":[3.2190001010894775,6.677000045776367,8.868000030517578],"rotation":[0.012784097343683243,-0.011441749520599842,0.0001462939690100029,0.9998527765274048],"scaling":[1,1,1],"matrix":[0.9997381567955017,-1.709904787206007e-11,0.02288386970758438,0,-0.0005850897287018597,0.999673068523407,0.025561083108186722,0,-0.02287638932466507,-0.025567777454853058,0.9994112849235535,0,3.2190001010894775,6.677000045776367,8.868000030517578,1],"editor":{"collapsed":false}}],["Target",{"enabled":true,"node_id":"eye_target","face_camera":false,"cylindrical":false,"front":6,"up":3,"use_iterative_method":false,"uid":"@COMP--e99a80-2e635d-1743a39-12a6","object_class":"Target"}]]},{"object_class":"SceneNode","name":"mixamorig_HeadTop_End","uid":"@NODE-e5e597-16f370b-1771c95-daa","layers":3,"node_type":"JOINT","flags":{"visible":true,"is_static":false,"selectable":true,"locked":false},"editor":{"collapsed":false},"components":[["Transform",{"object_class":"Transform","uid":"@COMP-e5e597-16f370b-16991fb-dab","position":[0.15825699269771576,16.422229766845703,3.0106050968170166],"rotation":[0,0,0,1],"scaling":[1,1,1],"matrix":[1,0,0,0,0,1,0,0,0,0,1,0,0.15825699269771576,16.422229766845703,3.0106050968170166,1]}]]},{"object_class":"SceneNode","name":"mixamorig_RightEye","uid":"@NODE-e5e597-16f3708-196927b-da6","layers":3,"node_type":"JOINT","flags":{"visible":true,"is_static":false,"selectable":true,"locked":false},"editor":{"collapsed":true},"components":[["Transform",{"object_class":"Transform","uid":"@COMP-e5e597-16f3708-168419e-da7","position":[-2.816999912261963,6.577000141143799,8.859999656677246],"rotation":[0.012784097343683243,-0.011441749520599842,0.0001462939690100029,0.9998527765274048],"scaling":[1,1,1],"matrix":[0.9997381567955017,-1.709904787206007e-11,0.02288386970758438,0,-0.0005850897287018597,0.999673068523407,0.025561083108186722,0,-0.02287638932466507,-0.025567777454853058,0.9994112849235535,0,-2.816999912261963,6.577000141143799,8.859999656677246,1]}],["Target",{"enabled":true,"node_id":"eye_target","face_camera":false,"cylindrical":false,"front":6,"up":3,"use_iterative_method":false,"uid":"@COMP-e5e597-1181d7-19ad504-2f2","object_class":"Target"}]]}],"editor":{"collapsed":false},"components":[["Transform",{"object_class":"Transform","uid":"@COMP-e5e597-16f3707-1e1f54c-da5","position":[0,9.630800247192383,2.647200107574463],"rotation":[-0.03027280978858471,0.005378388334065676,-0.021458810195326805,0.9992968440055847],"scaling":[1,1.000000238418579,1.0000003576278687],"matrix":[0.9990211725234985,-0.04321308061480522,-0.009449975565075874,0,0.042561814188957214,0.9972463846206665,-0.06073388829827309,0,0.012048454955220222,0.06027224287390709,0.9981096386909485,0,0,9.630800247192383,2.647200107574463,1]}]]}],"editor":{"collapsed":false},"components":[["Transform",{"object_class":"Transform","uid":"@COMP-e5e597-16f3705-11d4022-da3","position":[-0.2393999993801117,17.719100952148438,-1.5063999891281128],"rotation":[0,0,-0.005550118628889322,0.999984622001648],"scaling":[0.9999997615814209,1.0000001192092896,1.000000238418579],"matrix":[0.9999381303787231,-0.011100064031779766,0,0,0.011100067757070065,0.9999384880065918,0,0,0,0,1.000000238418579,0,-0.2393999993801117,17.719100952148438,-1.5063999891281128,1]}]]},{"object_class":"SceneNode","name":"mixamorig_LeftShoulder","uid":"@NODE-e5e597-16f370c-122c1b9-dac","layers":3,"node_type":"JOINT","flags":{"visible":true,"is_static":false,"selectable":true,"locked":false},"children":[{"object_class":"SceneNode","name":"mixamorig_LeftArm","uid":"@NODE-e5e597-16f370f-11c75d5-dae","layers":3,"node_type":"JOINT","flags":{"visible":true,"is_static":false,"selectable":true,"locked":false},"children":[{"object_class":"SceneNode","name":"mixamorig_LeftForeArm","uid":"@NODE-e5e597-16f3710-11dd62b-db0","layers":3,"node_type":"JOINT","flags":{"visible":true,"is_static":false,"selectable":true,"locked":false},"children":[{"object_class":"SceneNode","name":"mixamorig_LeftHand","uid":"@NODE-e5e597-16f3711-1e39680-db2","layers":3,"node_type":"JOINT","flags":{"visible":true,"is_static":false,"selectable":true,"locked":false},"children":[{"object_class":"SceneNode","name":"mixamorig_LeftHandThumb1","uid":"@NODE-e5e597-16f3713-1d5b99b-db4","layers":3,"node_type":"JOINT","flags":{"visible":true,"is_static":false,"selectable":true,"locked":false},"children":[{"object_class":"SceneNode","name":"mixamorig_LeftHandThumb2","uid":"@NODE-e5e597-16f3714-12c5239-db6","layers":3,"node_type":"JOINT","flags":{"visible":true,"is_static":false,"selectable":true,"locked":false},"children":[{"object_class":"SceneNode","name":"mixamorig_LeftHandThumb3","uid":"@NODE-e5e597-16f3716-1a92a40-db8","layers":3,"node_type":"JOINT","flags":{"visible":true,"is_static":false,"selectable":true,"locked":false},"children":[{"object_class":"SceneNode","name":"mixamorig_LeftHandThumb4","uid":"@NODE-e5e597-16f3717-1700b5a-dba","layers":3,"node_type":"JOINT","flags":{"visible":true,"is_static":false,"selectable":true,"locked":false},"editor":{"collapsed":true},"components":[["Transform",{"object_class":"Transform","uid":"@COMP-e5e597-16f3717-1686c21-dbb","position":[-0.39568328857421875,-1.02777099609375,2.1324269771575928],"rotation":[0,-7.4505748237641e-9,0,1],"scaling":[0.9999998807907104,1,1],"matrix":[0.9999998807907104,0,1.490114787117136e-8,0,0,1,0,0,-1.49011496475282e-8,0,1,0,-0.39568328857421875,-1.02777099609375,2.1324269771575928,1]}]]}],"editor":{"collapsed":true},"components":[["Transform",{"object_class":"Transform","uid":"@COMP-e5e597-16f3716-1ebd9bc-db9","position":[0.44749999046325684,3.1119000911712646,0],"rotation":[-0.0033483945298939943,0.04594309628009796,-0.3348720371723175,0.9411369562149048],"scaling":[1.0000003576278687,0.9999998807907104,0.9999999403953552],"matrix":[0.7715001702308655,-0.6306288242340088,-0.08423495292663574,0,0.6300131678581238,0.7756989002227783,-0.03707270696759224,0,0.08872005343437195,-0.02446751855313778,0.9957559704780579,0,0.44749999046325684,3.1119000911712646,0,1]}]]}],"editor":{"collapsed":true},"components":[["Transform",{"object_class":"Transform","uid":"@COMP-e5e597-16f3714-1a111a2-db7","position":[-0.003100000089034438,4.080100059509277,0],"rotation":[0.01904487982392311,0.040059443563222885,-0.07599835842847824,0.9961208701133728],"scaling":[1,0.9999999403953552,0.9999999403953552],"matrix":[0.9852389693260193,-0.1498812437057495,-0.08270285278558731,0,0.15293294191360474,0.9877230525016785,0.031853098422288895,0,0.07691332697868347,-0.04403090476989746,0.9960650205612183,0,-0.003100000089034438,4.080100059509277,0,1]}]]}],"editor":{"collapsed":true},"components":[["Transform",{"object_class":"Transform","uid":"@COMP-e5e597-16f3713-137ca8e-db5","position":[-3.151900053024292,2.2344000339508057,1.6031999588012695],"rotation":[0.13634935021400452,0.22986358404159546,0.21350237727165222,0.9396745562553406],"scaling":[1,0.9999998807907104,0.9999998807907104],"matrix":[0.8031589388847351,0.4639289975166321,-0.37377211451530457,0,-0.3385619819164276,0.8716510534286499,0.3544008433818817,0,0.4902156889438629,-0.15809516608715057,0.8571430444717407,0,-3.151900053024292,2.2344000339508057,1.6031999588012695,1]}]]},{"object_class":"SceneNode","name":"mixamorig_LeftHandIndex1","uid":"@NODE-e5e597-16f3719-1b7e547-dbc","layers":3,"node_type":"JOINT","flags":{"visible":true,"is_static":false,"selectable":true,"locked":false},"children":[{"object_class":"SceneNode","name":"mixamorig_LeftHandIndex2","uid":"@NODE-e5e597-16f371a-1b682f8-dbe","layers":3,"node_type":"JOINT","flags":{"visible":true,"is_static":false,"selectable":true,"locked":false},"children":[{"object_class":"SceneNode","name":"mixamorig_LeftHandIndex3","uid":"@NODE-e5e597-16f371b-1c0fba2-dc0","layers":3,"node_type":"JOINT","flags":{"visible":true,"is_static":false,"selectable":true,"locked":false},"children":[{"object_class":"SceneNode","name":"mixamorig_LeftHandIndex4","uid":"@NODE-e5e597-16f371d-17df4a7-dc2","layers":3,"node_type":"JOINT","flags":{"visible":true,"is_static":false,"selectable":true,"locked":false},"editor":{"collapsed":true},"components":[["Transform",{"object_class":"Transform","uid":"@COMP-e5e597-16f371d-198f2b9-dc3","position":[0.17142049968242645,0.0292816199362278,2.6174089908599854],"rotation":[0,-1.862645149230957e-9,0,1],"scaling":[1,1,0.9999998807907104],"matrix":[1,0,3.725290298461914e-9,0,0,1,0,0,-3.7252898543727042e-9,0,0.9999998807907104,0,0.17142049968242645,0.0292816199362278,2.6174089908599854,1]}]]}],"editor":{"collapsed":true},"components":[["Transform",{"object_class":"Transform","uid":"@COMP-e5e597-16f371b-1189d28-dc1","position":[-0.16410000622272491,2.55049991607666,0],"rotation":[0.11805006861686707,0.00003831870708381757,0.050724953413009644,0.9917111992835999],"scaling":[1,0.9999997019767761,0.9999996423721313],"matrix":[0.9948539733886719,0.10061805695295334,0.011900166049599648,0,-0.10059992969036102,0.9669820070266724,0.23414696753025055,0,0.012052166275680065,-0.23413917422294617,0.9721279740333557,0,-0.16410000622272491,2.55049991607666,0,1]}]]}],"editor":{"collapsed":true},"components":[["Transform",{"object_class":"Transform","uid":"@COMP-e5e597-16f371a-127d01a-dbf","position":[0.010700000450015068,3.7692999839782715,0],"rotation":[0.21978065371513367,0.004365025088191032,-0.06162853538990021,0.9735909700393677],"scaling":[1.000000238418579,1.0000003576278687,1.000000238418579],"matrix":[0.9923659563064575,-0.11808330565690994,-0.03558902442455292,0,0.12192071229219437,0.895797073841095,0.42741504311561584,0,-0.01859002560377121,-0.4284910261631012,0.903355062007904,0,0.010700000450015068,3.7692999839782715,0,1]}]]}],"editor":{"collapsed":true},"components":[["Transform",{"object_class":"Transform","uid":"@COMP-e5e597-16f3719-14dbbcd-dbd","position":[-3.1352999210357666,8.769599914550781,0.28790000081062317],"rotation":[0.05361294001340866,0.000939036370255053,0.0222452562302351,0.9983135461807251],"scaling":[1.0000004768371582,1.0000003576278687,1.0000004768371582],"matrix":[0.9990090131759644,0.0445161908864975,0.0005103619769215584,0,-0.044314805418252945,0.9932619333267212,0.10708686709403992,0,0.004260174464434385,-0.10700332373380661,0.9942499995231628,0,-3.1352999210357666,8.769599914550781,0.28790000081062317,1]}]]},{"object_class":"SceneNode","name":"mixamorig_LeftHandMiddle1","uid":"@NODE-e5e597-16f371e-1367b82-dc4","layers":3,"node_type":"JOINT","flags":{"visible":true,"is_static":false,"selectable":true,"locked":false},"children":[{"object_class":"SceneNode","name":"mixamorig_LeftHandMiddle2","uid":"@NODE-e5e597-16f3720-1ea7a49-dc6","layers":3,"node_type":"JOINT","flags":{"visible":true,"is_static":false,"selectable":true,"locked":false},"children":[{"object_class":"SceneNode","name":"mixamorig_LeftHandMiddle3","uid":"@NODE-e5e597-16f3721-1ec85f2-dc8","layers":3,"node_type":"JOINT","flags":{"visible":true,"is_static":false,"selectable":true,"locked":false},"children":[{"object_class":"SceneNode","name":"mixamorig_LeftHandMiddle4","uid":"@NODE-e5e597-16f3723-184cfe5-dca","layers":3,"node_type":"JOINT","flags":{"visible":true,"is_static":false,"selectable":true,"locked":false},"editor":{"collapsed":true},"components":[["Transform",{"object_class":"Transform","uid":"@COMP-e5e597-16f3723-18c4456-dcb","position":[-0.16827790439128876,0.3115997016429901,2.5386509895324707],"rotation":[3.154350025624808e-8,-2.328307824317477e-10,3.513075247374431e-11,1],"scaling":[0.9999998807907104,1,1],"matrix":[0.9999998807907104,7.02614841308069e-11,4.656615093523442e-10,0,-7.026151882527643e-11,1,6.308700051249616e-8,0,-4.656615648634954e-10,-6.308700051249616e-8,1,0,-0.16827790439128876,0.3115997016429901,2.5386509895324707,1]}]]}],"editor":{"collapsed":true},"components":[["Transform",{"object_class":"Transform","uid":"@COMP-e5e597-16f3721-13c6231-dc9","position":[0.15620000660419464,3.2651000022888184,0],"rotation":[0.1265726089477539,0.00270986114628613,-0.07432376593351364,0.9891653060913086],"scaling":[0.9999997615814209,1.0000003576278687,0.9999998807907104],"matrix":[0.9889370203018188,-0.14635096490383148,-0.024175701662898064,0,0.1477230340242386,0.9569110870361328,0.2499997466802597,0,-0.013453702442348003,-0.2508052587509155,0.9679439663887024,0,0.15620000660419464,3.2651000022888184,0,1]}]]}],"editor":{"collapsed":true},"components":[["Transform",{"object_class":"Transform","uid":"@COMP-e5e597-16f3720-1b04aa8-dc7","position":[0.02930000051856041,3.391900062561035,0],"rotation":[0.22940108180046082,-0.00805274210870266,-0.010730915702879429,0.9732394814491272],"scaling":[1,0.9999998807907104,1.0000005960464478],"matrix":[0.9996399879455566,-0.024582117795944214,0.010751125402748585,0,0.017192883417010307,0.8945198655128479,0.4466971457004547,0,-0.020597873255610466,-0.4463518261909485,0.8946211338043213,0,0.02930000051856041,3.391900062561035,0,1]}]]}],"editor":{"collapsed":true},"components":[["Transform",{"object_class":"Transform","uid":"@COMP-e5e597-16f371e-12e55d3-dc5","position":[-0.8278999924659729,9.105500221252441,-0.22630000114440918],"rotation":[0.1075759306550026,0.0037961280904710293,-0.026295185089111328,0.993841826915741],"scaling":[0.9999997615814209,0.9999999403953552,1.0000001192092896],"matrix":[0.9985880851745605,-0.05144975334405899,-0.01320295687764883,0,0.05308324843645096,0.9754719138145447,0.21362726390361786,0,0.0018880439456552267,-0.2140265852212906,0.9768261313438416,0,-0.8278999924659729,9.105500221252441,-0.22630000114440918,1]}]]},{"object_class":"SceneNode","name":"mixamorig_LeftHandRing1","uid":"@NODE-e5e597-16f3724-1e7c42d-dcc","layers":3,"node_type":"JOINT","flags":{"visible":true,"is_static":false,"selectable":true,"locked":false},"children":[{"object_class":"SceneNode","name":"mixamorig_LeftHandRing2","uid":"@NODE-e5e597-16f3726-18fff13-dce","layers":3,"node_type":"JOINT","flags":{"visible":true,"is_static":false,"selectable":true,"locked":false},"children":[{"object_class":"SceneNode","name":"mixamorig_LeftHandRing3","uid":"@NODE-e5e597-16f3727-1c2cc04-dd0","layers":3,"node_type":"JOINT","flags":{"visible":true,"is_static":false,"selectable":true,"locked":false},"children":[{"object_class":"SceneNode","name":"mixamorig_LeftHandRing4","uid":"@NODE-e5e597-16f3729-1fa6171-dd2","layers":3,"node_type":"JOINT","flags":{"visible":true,"is_static":false,"selectable":true,"locked":false},"editor":{"collapsed":true},"components":[["Transform",{"object_class":"Transform","uid":"@COMP-e5e597-16f3729-179bc41-dd3","position":[-0.030774710699915886,-0.086090087890625,2.5145339965820312],"rotation":[3.1641253173120276e-8,0,-1.4156424643640975e-10,1],"scaling":[1,1,0.9999998807907104],"matrix":[1,-2.831284928728195e-10,-8.958540569058538e-18,0,2.831284928728195e-10,1,6.328250634624055e-8,0,-8.958539741877926e-18,-6.32824992408132e-8,0.9999998807907104,0,-0.030774710699915886,-0.086090087890625,2.5145339965820312,1]}]]}],"editor":{"collapsed":true},"components":[["Transform",{"object_class":"Transform","uid":"@COMP-e5e597-16f3727-14757cb-dd1","position":[-0.08659999817609787,2.975600004196167,0],"rotation":[0.16961100697517395,0.0057756355963647366,-0.011033985763788223,0.9854323863983154],"scaling":[1.000000238418579,1.000000238418579,1.0000005960464478],"matrix":[0.9996899962425232,-0.019787276163697243,-0.015125971287488937,0,0.023705722764134407,0.94222092628479,0.3341529965400696,0,0.007640030700713396,-0.3344080150127411,0.9423980116844177,0,-0.08659999817609787,2.975600004196167,0,1]}]]}],"editor":{"collapsed":true},"components":[["Transform",{"object_class":"Transform","uid":"@COMP-e5e597-16f3726-18ec709-dcf","position":[0.13259999454021454,2.7636001110076904,0],"rotation":[0.1978411078453064,-0.00020497395598795265,-0.059893034398555756,0.9784026145935059],"scaling":[1.0000003576278687,0.9999995231628418,1.000000238418579],"matrix":[0.9928259253501892,-0.11728015542030334,-0.023297522217035294,0,0.11711784452199936,0.9145430326461792,0.38716089725494385,0,-0.02409970760345459,-0.3871120512485504,0.9217179417610168,0,0.13259999454021454,2.7636001110076904,0,1]}]]}],"editor":{"collapsed":true},"components":[["Transform",{"object_class":"Transform","uid":"@COMP-e5e597-16f3724-1cf1473-dcd","position":[1.042099952697754,8.6072998046875,-0.25690001249313354],"rotation":[0.16033710539340973,0.006148854270577431,-0.0377252995967865,0.9863219857215881],"scaling":[1,1.0000003576278687,0.9999996423721313],"matrix":[0.997078001499176,-0.072446808218956,-0.02422703057527542,0,0.07639039307832718,0.9457379579544067,0.3158242106437683,0,0.00003196962279616855,-0.3167518377304077,0.9485080242156982,0,1.042099952697754,8.6072998046875,-0.25690001249313354,1]}]]},{"object_class":"SceneNode","name":"mixamorig_LeftHandPinky1","uid":"@NODE-e5e597-16f372b-1c84558-dd4","layers":3,"node_type":"JOINT","flags":{"visible":true,"is_static":false,"selectable":true,"locked":false},"children":[{"object_class":"SceneNode","name":"mixamorig_LeftHandPinky2","uid":"@NODE-e5e597-16f372c-1869f09-dd6","layers":3,"node_type":"JOINT","flags":{"visible":true,"is_static":false,"selectable":true,"locked":false},"children":[{"object_class":"SceneNode","name":"mixamorig_LeftHandPinky3","uid":"@NODE-e5e597-16f372e-1df37a2-dd8","layers":3,"node_type":"JOINT","flags":{"visible":true,"is_static":false,"selectable":true,"locked":false},"children":[{"object_class":"SceneNode","name":"mixamorig_LeftHandPinky4","uid":"@NODE-e5e597-16f372f-13f0929-dda","layers":3,"node_type":"JOINT","flags":{"visible":true,"is_static":false,"selectable":true,"locked":false},"editor":{"collapsed":true},"components":[["Transform",{"object_class":"Transform","uid":"@COMP-e5e597-16f372f-1f6b1db-ddb","position":[-0.027014199644327164,0.18774409592151642,1.913437008857727],"rotation":[0,2.7939679458910405e-9,0,1],"scaling":[0.9999998807907104,1,1],"matrix":[0.9999998807907104,0,-5.587935003603661e-9,0,0,1,0,0,5.587935891782081e-9,0,1,0,-0.027014199644327164,0.18774409592151642,1.913437008857727,1]}]]}],"editor":{"collapsed":true},"components":[["Transform",{"object_class":"Transform","uid":"@COMP-e5e597-16f372e-1eccbcf-dd9","position":[-0.041600000113248825,1.9744999408721924,0],"rotation":[0.14368341863155365,0.0034060291945934296,-0.020386431366205215,0.9894078373908997],"scaling":[1.0000003576278687,1,1.0000001192092896],"matrix":[0.9991459250450134,-0.03936222568154335,-0.012598292902112007,0,0.041319768875837326,0.9578789472579956,0.28418412804603577,0,0.0008815197506919503,-0.2844619154930115,0.9586870670318604,0,-0.041600000113248825,1.9744999408721924,0,1]}]]}],"editor":{"collapsed":true},"components":[["Transform",{"object_class":"Transform","uid":"@COMP-e5e597-16f372c-16a72ba-dd7","position":[0.07880000025033951,2.8958001136779785,0],"rotation":[0.19760479032993317,-0.0019827759824693203,-0.041273754090070724,0.9794104695320129],"scaling":[0.9999999403953552,1.000000238418579,1.000000238418579],"matrix":[0.9965850114822388,-0.08163149654865265,-0.012427878566086292,0,0.0800643041729927,0.9184978604316711,0.38723617792129517,0,-0.020195690914988518,-0.3869088292121887,0.9218970537185669,0,0.07880000025033951,2.8958001136779785,0,1]}]]}],"editor":{"collapsed":true},"components":[["Transform",{"object_class":"Transform","uid":"@COMP-e5e597-16f372b-1fb52eb-dd5","position":[2.921099901199341,8.093199729919434,0.33649998903274536],"rotation":[0.15310773253440857,-0.007202973589301109,-0.06746095418930054,0.9858778715133667],"scaling":[0.9999997019767761,1,0.9999996423721313],"matrix":[0.9907940030097961,-0.13522213697433472,-0.006455081049352884,0,0.13081085681915283,0.9440140724182129,0.30286288261413574,0,-0.03486008197069168,-0.3009190857410431,0.9530119299888611,0,2.921099901199341,8.093199729919434,0.33649998903274536,1]}]]}],"editor":{"collapsed":true},"components":[["Transform",{"object_class":"Transform","uid":"@COMP-e5e597-16f3711-1d47369-db3","position":[0,26.094499588012695,0],"rotation":[0.09829391539096832,-0.08413824439048767,-0.02504774183034897,0.991277813911438],"scaling":[0.9999997019767761,0.9999997615814209,0.9999997615814209],"matrix":[0.9845864176750183,-0.06619907170534134,0.1618846207857132,0,0.033117979764938354,0.9794216156005859,0.19908805191516876,0,-0.17173278331756592,-0.19065816700458527,0.9665178656578064,0,0,26.094499588012695,0,1]}]]}],"editor":{"collapsed":false},"components":[["Transform",{"object_class":"Transform","uid":"@COMP-e5e597-16f3710-167c1fd-db1","position":[0,26.106599807739258,0],"rotation":[0.018783383071422577,-0.01449878141283989,0.15567298233509064,0.98752361536026],"scaling":[1.0000003576278687,0.9999998807907104,1.000000238418579],"matrix":[0.9511117935180664,0.3069169521331787,0.03448392078280449,0,-0.3080061376094818,0.950826108455658,0.03258392959833145,0,-0.022787652909755707,-0.04161221534013748,0.9988741874694824,0,0,26.106599807739258,0,1]}]]}],"editor":{"collapsed":false},"components":[["Transform",{"object_class":"Transform","uid":"@COMP-e5e597-16f370f-14ba78b-daf","position":[0,9.815899848937988,0],"rotation":[0.5433353185653687,0.09038757532835007,0.01663355529308319,0.8344699740409851],"scaling":[0.9999999403953552,1.0000001192092896,1.000000238418579],"matrix":[0.983106791973114,0.1259819120168686,-0.13277623057365417,0,0.07046112418174744,0.40902018547058105,0.9098010659217834,0,0.1689266711473465,-0.9037873148918152,0.3932337164878845,0,0,9.815899848937988,0,1]}]]}],"editor":{"collapsed":false},"components":[["Transform",{"object_class":"Transform","uid":"@COMP-e5e597-16f370c-16506fd-dad","position":[4.150199890136719,12.027400016784668,-1.5881999731063843],"rotation":[-0.48293405771255493,-0.49590206146240234,0.5683678984642029,-0.44476258754730225],"scaling":[0.9999996423721313,1.0000003576278687,0.9999997019767761],"matrix":[-0.1379217952489853,-0.026601554825901985,-0.9900854229927063,0,0.984553873538971,-0.1125347837805748,-0.1341276615858078,0,-0.10785103589296341,-0.9932913184165955,0.04171167314052582,0,4.150199890136719,12.027400016784668,-1.5881999731063843,1]}]]},{"object_class":"SceneNode","name":"mixamorig_RightShoulder","uid":"@NODE-e5e597-16f3731-195614c-ddc","layers":3,"node_type":"JOINT","flags":{"visible":true,"is_static":false,"selectable":true,"locked":false},"children":[{"object_class":"SceneNode","name":"mixamorig_RightArm","uid":"@NODE-e5e597-16f376f-130a2c9-dde","layers":3,"node_type":"JOINT","flags":{"visible":true,"is_static":false,"selectable":true,"locked":false},"children":[{"object_class":"SceneNode","name":"mixamorig_RightForeArm","uid":"@NODE-e5e597-16f3771-1badbcb-de0","layers":3,"node_type":"JOINT","flags":{"visible":true,"is_static":false,"selectable":true,"locked":false},"children":[{"object_class":"SceneNode","name":"mixamorig_RightHand","uid":"@NODE-e5e597-16f3773-1392c4b-de2","layers":3,"node_type":"JOINT","flags":{"visible":true,"is_static":false,"selectable":true,"locked":false},"children":[{"object_class":"SceneNode","name":"mixamorig_RightHandPinky1","uid":"@NODE-e5e597-16f3774-14e5071-de4","layers":3,"node_type":"JOINT","flags":{"visible":true,"is_static":false,"selectable":true,"locked":false},"children":[{"object_class":"SceneNode","name":"mixamorig_RightHandPinky2","uid":"@NODE-e5e597-16f3776-16c8fba-de6","layers":3,"node_type":"JOINT","flags":{"visible":true,"is_static":false,"selectable":true,"locked":false},"children":[{"object_class":"SceneNode","name":"mixamorig_RightHandPinky3","uid":"@NODE-e5e597-16f3778-1ac5ec8-de8","layers":3,"node_type":"JOINT","flags":{"visible":true,"is_static":false,"selectable":true,"locked":false},"children":[{"object_class":"SceneNode","name":"mixamorig_RightHandPinky4","uid":"@NODE-e5e597-16f377a-1c3f7ff-dea","layers":3,"node_type":"JOINT","flags":{"visible":true,"is_static":false,"selectable":true,"locked":false},"editor":{"collapsed":true},"components":[["Transform",{"object_class":"Transform","uid":"@COMP-e5e597-16f377a-16595ac-deb","position":[0.034473199397325516,0.0455322302877903,1.9026110172271729],"rotation":[-3.146750060523118e-8,0,-3.836074860541494e-11,1],"scaling":[1,1,1],"matrix":[1,-7.672149721082988e-11,2.414233737625337e-18,0,7.672149721082988e-11,1,-6.293500121046236e-8,0,2.414233737625337e-18,6.293500121046236e-8,1,0,0.034473199397325516,0.0455322302877903,1.9026110172271729,1]}]]}],"editor":{"collapsed":true},"components":[["Transform",{"object_class":"Transform","uid":"@COMP-e5e597-16f3778-1e12bcd-de9","position":[0.04830000177025795,1.6585999727249146,0],"rotation":[0.16805487871170044,0.0017045744461938739,-0.009539632126688957,0.985729992389679],"scaling":[0.9999998211860657,0.9999998807907104,0.9999997019767761],"matrix":[0.9998120069503784,-0.018234075978398323,-0.00656686257570982,0,0.01937992498278618,0.9433329701423645,0.331280916929245,0,0.00015413682558573782,-0.33134591579437256,0.9435089826583862,0,0.04830000177025795,1.6585999727249146,0,1]}]]}],"editor":{"collapsed":true},"components":[["Transform",{"object_class":"Transform","uid":"@COMP-e5e597-16f3776-158fe4a-de7","position":[-0.07599999755620956,3.355299949645996,0],"rotation":[0.1994161307811737,0.0008544712327420712,0.043060142546892166,0.9789679646492004],"scaling":[0.9999998807907104,1.0000001192092896,0.9999998807907104],"matrix":[0.9962900876998901,0.08464978635311127,0.015500771813094616,0,-0.08396821469068527,0.9167581796646118,0.3905176520347595,0,0.018846772611141205,-0.39037036895751953,0.920464813709259,0,-0.07599999755620956,3.355299949645996,0,1]}]]}],"editor":{"collapsed":true},"components":[["Transform",{"object_class":"Transform","uid":"@COMP-e5e597-16f3774-11b888b-de5","position":[-2.8949999809265137,8.241299629211426,0.3255999982357025],"rotation":[0.1547359675168991,0.0012137078447267413,0.028393832966685295,0.9875470399856567],"scaling":[1.0000003576278687,0.9999998807907104,1.000000238418579],"matrix":[0.9983850121498108,0.05645611882209778,0.00638990942388773,0,-0.05570487678050995,0.950501024723053,0.30568698048591614,0,0.011184284463524818,-0.3055492341518402,0.9521108269691467,0,-2.8949999809265137,8.241299629211426,0.3255999982357025,1]}]]},{"object_class":"SceneNode","name":"mixamorig_RightHandRing1","uid":"@NODE-e5e597-16f377b-12096aa-dec","layers":3,"node_type":"JOINT","flags":{"visible":true,"is_static":false,"selectable":true,"locked":false},"children":[{"object_class":"SceneNode","name":"mixamorig_RightHandRing2","uid":"@NODE-e5e597-16f377d-1e171c2-dee","layers":3,"node_type":"JOINT","flags":{"visible":true,"is_static":false,"selectable":true,"locked":false},"children":[{"object_class":"SceneNode","name":"mixamorig_RightHandRing3","uid":"@NODE-e5e597-16f377f-117aa78-df0","layers":3,"node_type":"JOINT","flags":{"visible":true,"is_static":false,"selectable":true,"locked":false},"children":[{"object_class":"SceneNode","name":"mixamorig_RightHandRing4","uid":"@NODE-e5e597-16f3781-1a22024-df2","layers":3,"node_type":"JOINT","flags":{"visible":true,"is_static":false,"selectable":true,"locked":false},"editor":{"collapsed":true},"components":[["Transform",{"object_class":"Transform","uid":"@COMP-e5e597-16f3781-1c5fe3d-df3","position":[-0.022681949660182,-0.3342896103858948,2.395087957382202],"rotation":[0,-9.31322685637781e-10,0,1],"scaling":[0.9999998807907104,1,0.9999998807907104],"matrix":[0.9999998807907104,0,1.862645149230957e-9,0,0,1,0,0,-1.862645149230957e-9,0,0.9999998807907104,0,-0.022681949660182,-0.3342896103858948,2.395087957382202,1]}]]}],"editor":{"collapsed":true},"components":[["Transform",{"object_class":"Transform","uid":"@COMP-e5e597-16f377f-157a234-df1","position":[0.14890000224113464,2.93530011177063,0],"rotation":[0.09802253544330597,0.00043816835386678576,-0.03740192577242851,0.9944810271263123],"scaling":[1.0000001192092896,0.9999997019767761,1.000000238418579],"matrix":[0.9972019195556641,-0.07430511713027954,-0.008203964680433273,0,0.07447689026594162,0.9779850840568542,0.1949302703142166,0,-0.00646096421405673,-0.1949959248304367,0.9807830452919006,0,0.14890000224113464,2.93530011177063,0,1]}]]}],"editor":{"collapsed":true},"components":[["Transform",{"object_class":"Transform","uid":"@COMP-e5e597-16f377d-1140509-def","position":[-0.12049999833106995,2.6333000659942627,0],"rotation":[0.20474271476268768,-0.0018013849621638656,0.07001101970672607,0.9763071537017822],"scaling":[0.9999996423721313,1.0000001192092896,0.9999997615814209],"matrix":[0.9901900887489319,0.13596683740615845,0.03218588978052139,0,-0.13744217157363892,0.9063578844070435,0.39953139424324036,0,0.025151077657938004,-0.40003570914268494,0.9161540865898132,0,-0.12049999833106995,2.6333000659942627,0,1]}]]}],"editor":{"collapsed":true},"components":[["Transform",{"object_class":"Transform","uid":"@COMP-e5e597-16f377b-1eb7f77-ded","